452849305900941312
907262033945296917
730417940830093394
652387950386085900
771018871079043092
898228909747875861
888634209097379880
631048498002919434
363430042405175296
893970618368806962
742499941938626570
841156778674487326
131506543676882944
252936578882600961
240232379682258944
761039935275925555
269509713698226176
891502777732321280
906691084246212618
542461524095270923
903023585629704223
857548647712423936
911453420471349339
776945440717406268
318618977444298752
834689828380475473
736693078613688420
644210198780706817
905662978492366879
550842612978810890
896061981688201256
890549374873108520
895779243823357972
836965120248119306
813190562777006081
377063582329733121
275701458052186113
779632782779482113
388836229803933696
885567575562518610
522073271462789121
905650187098263622
901883211821498369
890299571375333386
718958435055566930
439513325454360576
866804802386264084
873325580546875412
394180392607023114
852993193644523521
382872845673431040
676717305983533056
818230797370654751
302604134203392003
301802312773533696
467667830020767744
269467501627179018
300385470175510531
813513585988337705
206630799879962625
759862351221489705
430164190263508992
658709512710258719
811607765041807370
840288284046786650
653688239319679006
165174689017102336
898408065903259688
599040102496469005
645043401141518366
740562840137629779
883122543807045724
234019137939177473
287455878351683585
882196100306587688
