730417940830093394
631048498002919434
131506543676882944
269509713698226176
857548647712423936
736693078613688420
890549374873108520
377063582329733121
522073271462789121
439513325454360576
852993193644523521
676717305983533056
539732783203876866
269467501627179018
430164190263508992
165174689017102336
883122543807045724
882196100306587688
215626750422417408
815029739160338432
239217895337492481
694553074714279976
270904126974590976
302050872383242240
115385224119975941
510515685399461938
398020644551393282
201890456425070593
748126058686971944
832728277155840051
906480677833306124
583232943766372364
824161476117004318
819207964908716063
720351927581278219
748143754979967006
775242946294710284
724497009649909771
618025790088675344
700445414578716743
837238147980591144
722072636947038427
325229559433658372
563434444321587202
488806435577135124
320297814338961408
838012575446466581
326739272587542529
125367104336691200
173818891443634176
735842899660505149
581569282782134282
559926577274814465
837753324781437029
765899836343844865
267224313868976129
490937293864042502
800053152249937971
580982982639091724
802369625157140533
864246491072561203
869287842667454464
753807834147323925
754558819232776233
748867096644943932
691082623459655720
172002275412279296
234224577100775435
656927212817219595
467408220806184961
422087909634736160
235779587894673408
680391380702331012
870049939324043275
278298678341533696
899736334783107082
788998405333450753
605503387060011093
528497995281334311
352292966745899009
241853144684822529
247283454440374274
155149108183695360
437808476106784770
185476724627210241
515067662028636170
493224032167002123
623481583411658753
610098349542080513
455657769182167041
911100764271820850
769762772787265596
704693653456814100
583527859558154247
715894694332203008
607720112342040635
543727214961885194
311526548228538376
752265811128877076
729335589148557312
652387950386085900
363430042405175296
252936578882600961
906691084246212618
776945440717406268
905662978492366879
836965120248119306
779632782779482113
890299571375333386
853019065358352394
382872845673431040
786517868757647420
607731447012261938
813513585988337705
840288284046786650
645043401141518366
287455878351683585
802667075381624884
898242265145815052
904004112004296794
642837695307186202
654454707187875850
220943731963068416
907586585917292588
668519553696923663
500147671747657729
889018295787864094
908705553512034355
878764316743073803
838958838530834552
729019419556053044
352770255497461762
800130369743355994
752671586305179699
822191216597925899
885481476811030579
753468603231240292
505137886044225556
121010323091095552
580029357490176015
878297541932888076
860799775284658177
880296681936146462
763845639481196585
900789947827638332
692657447579549727
869053145379143750
374062568676786176
908523516196954143
881588295832862781
904121466767937607
895053056121655306
401818431101468673
904739456492372008
884655428443705384
697173392151019590
849134835423641601
546026763546001418
267409795546349568
538313065091825705
706586754706309120
730377514408738817
434665515529666581
897023119527657493
531304662146482177
908671541527605268
894809367872962660
460504714295902211
787804508721774592
246406421141389314
556585521795694612
797850489361530960
542009765555863552
544382813449748500
907166727371128842
635035221829353497
754608071334035517
825680909683392532
549269092368908288
471062657064108052
103560658955554816
908136194116812840
732863819616878673
484412908768460811
401501354863886338
906197796259004428
682366592549650500
363487664680337419
711667670520430950
620547628857425920
152829207439867904
906951226548166667
691348034847506483
544426541535461376
855530541129138227
893636283606388776
914981660091637810
846493671473807410
883135409826193408
895296815329574943
907262033945296917
771018871079043092
893970618368806962
240232379682258944
542461524095270923
318618977444298752
550842612978810890
746550655644205158
388836229803933696
901883211821498369
866804802386264084
667974718980096011
566846403981344769
302604134203392003
300385470175510531
658709512710258719
898408065903259688
234019137939177473
842123976519712798
843020965885509663
900058266418167918
520601073531093002
824355752575107102
498106019566583818
880826487463346206
891125005239324693
911685986575077376
402566966147022880
645249398724624402
538030642508857369
825579467958517780
887434709351665694
915800578653839400
853052242387402762
905238409474375731
889004211776421918
452068469328969748
696965811616612404
783618859306713108
497113582979514389
260098352253894657
196468434521817088
872701148887396382
515907578950058006
870683107534180353
873001767539966004
634424196264493066
639868931213099018
201202488676712449
913985242128326718
764642492594651146
712199139139780658
780862869750415430
611201422872150036
893170757222400042
528305757624467479
624494790846840834
384261834766549003
719784815901278219
900669968369221683
898256609418043402
482596207278161930
438782102998220810
742744446029791262
860041449186000926
854256048809312257
817490120211038278
418085384736473118
906489212004626452
855874294059368490
846920723615186974
906014285895974953
655690200437096459
807745386172514334
636685715282853909
519955379187220496
541621920383369236
455172259171008513
902281949186519080
778777193412427798
903245644888698930
902511429595312241
843983057123803176
759300987512422420
445919917359890442
287781095666089995
882373144734736404
594468549087461418
884698521909993513
382322231881236482
462717640645804035
913888123916787722
906557010575765525
907301513293099089
902195912397422602
596739501196312608
473590085196054530
746794983427932211
797176390297714719
529426342714933248
452849305900941312
904808543134310440
888634209097379880
841156778674487326
891502777732321280
911453420471349339
644210198780706817
895779243823357972
275701458052186113
905650187098263622
860216409002213377
394180392607023114
729279934672928819
818230797370654751
467667830020767744
759862351221489705
653688239319679006
740562840137629779
784717904854777856
422195616417054724
900503624629780580
909185230131327046
693025260756402187
476342611746226176
683348470102622218
429624664046829571
415388285486104577
893716709012303912
505515220341358592
718811155929497621
816886084331110450
908542658459365470
871586279157014578
833977700120133632
579186193770479647
896849982324351056
525850153685352458
864360412350119958
458690132418101272
877062571302203392
909865819767443477
767649241014861825
344536604179955712
914066720837234688
881369765636091966
827552194156298260
891395570642608219
118565524199178240
889914020939857990
371580009678372864
909077412225118249
798062422723788841
906578792389161000
701713367785799711
381372411460845569
361147457721204737
815410044556017665
360614690478489603
444914486055534592
771481583454650419
223523826636423169
182545106417483790
852823693545177109
912076497706172477
363674305655078923
863809853209575464
912100875923763220
891397523183403058
906066712154214442
886535133975412746
689114228090470482
760123881624305675
712499550518247465
436538918985400320
895678944118980641
911762233409798174
230418207142445057
705972756956839996
905924640361308260
897786443357904916
512009848368660500
823977864960933899
750997163646910546
890894039635881984
235822917881954304
713864594715836531
839893249689649162
763822730684399618
447811435628724224
736737883439759432
841144251281702933
877176073555673111
655444439648436243
760004550253215745
804617685026996235
769673601061879838
899685516205776969
814574374635044920
436963066534690826
856520046465384460
898228909747875861
742499941938626570
761039935275925555
903023585629704223
834689828380475473
896061981688201256
813190562777006081
885567575562518610
718958435055566930
873325580546875412
908463412491739197
903162536214528061
301802312773533696
206630799879962625
811607765041807370
599040102496469005
892095958563823626
864899435283480606
786019422531747870
186187965909827584
794862376217346069
909975232092200981
791746458868383756
484297456541237248
555497457648271380
532931058887426059
812202699374329927
636394691268706305
265553802340466706
403028837685919746
909926817895448596
409830635402952707
435781454337802242
892139101216718919
370623314584141826
627313374430101527
822724784831594498
300354711268360192
911992505971646534
714441269308555294
138812845784694786
906980537942548560
543086306276671499
324635006138056716
907681052800192522
817002928661463070
881875122745647144
718904199303135243
741302273677721600
335311168673677312
878765133197901914
523398808961548308
828646161967349762
591433942792536095
896667187689955338
758098082603991081
445938888951726090
893345047297286144
334758972697346049
782728070826033162
906572922662035526
888322971012321280
915848514456678410
677436565613576192
666014750177755166
437622724702240789
732677102205403267
496815241158590474
484380691493158912
874259063591039006
421769818241236993
842832703945572393
894533082328203294
514214635445026826
751626975596249139
734076051449184337
898687154757197885
691350005310554253
852320948719714314
836638028754583644
835298842697269279
492918057484812309
908603694185058315
731155602994364536
215858205081731072
763451040720224297
838122423974232094
723976462713094205
327124651413078017
733362063879045260
810503842374484009
901263809543569449
812905526610362378
733648609274232885
891667964393320500
908524066376417330
537983925914435594
770609829499895849
832710609242030141
748272076103876618
